H
#frequency    half width   %gauss/100.
3643.124       0.55            0.0
1454.825       1.51            0.0
1450.558       1.51            0.0
1444.219       1.51            0.0
1439.959       1.51            0.0
1331.658       1.93            0.0
1321.875       3.58            0.0
1313.072       3.58            0.0
1303.374       1.79            0.0
1192.858       1.93            0.0
1188.475       1.93            0.0
1184.772       1.93            0.0
1180.122       1.93            0.0
1175.524       1.93            0.0
1171.862       1.93            0.0
1167.412       1.93            0.0
1148.693       0.96            0.0
1144.339       1.93            0.0
1140.280       2.34            0.0
1136.171       1.93            0.0
1131.819       1.93            0.0
1127.656       2.20            0.0
1123.934       1.79            0.0
1119.621       1.93            0.0
1078.872       1.65            0.0
1074.324       1.79            0.0
1071.007       1.93            0.0
1066.140       3.30            0.0
1057.629       2.75            0.0
1053.489       1.93            0.0
1051.812       2.20            0.0
1047.953       2.34            0.0
1044.435       2.20            0.0
900.675        2.61            0.0
880.866        2.61            0.0
862.174        1.65            0.0
853.700        1.79            0.0
840.919        1.10            0.0
839.420        2.06            0.0
838.132        1.38            0.0
835.699        1.65            0.0
834.900        2.20            0.0
826.001        1.38            0.0
824.596        2.89            0.0
807.579        1.79            0.0
743.543        1.38            0.0
739.424        1.24            0.0
733.117        1.51            0.0
728.949        2.48            0.0
725.945        1.79            0.0
724.730        1.10            0.0
719.626        1.51            0.0
718.386        1.79            0.0
715.376        2.06            0.0
711.156        1.51            0.0
704.843        1.38            0.0
700.725        1.38            0.0
689.683        1.10            0.0
685.237        0.96            0.0
681.579        1.10            0.0
679.082        1.51            0.0
677.102        1.10            0.0
674.632        1.24            0.0
672.559        1.51            0.0
670.976        1.51            0.0
669.054        1.65            0.0
666.490        1.10            0.0
664.482        1.51            0.0
661.981        1.10            0.0
658.412        0.96            0.0
653.878        1.10            0.0
508.373        2.34            0.0
494.791        2.89            0.0
489.809        2.61            0.0
481.800        2.61            0.0
476.774        2.61            0.0
