##TITLE= Parameter file, TOPSPIN		Version 3.2
##JCAMPDX= 5.0
##DATATYPE= Parameter Values
##NPOINTS= 66	$$ modification sequence number
##ORIGIN= Bruker BioSpin GmbH
##OWNER= nmr
$$ 2018-02-27 15:31:12.588 +0100  jeannerat@djpro.local
$$ /Volumes/lacie_case/nmr_data/nmrge500_3/data/jeannerat/data/nmr/nmr/dj-caryophyllene_oxide/13/pdata/1/clevels
$$ process /opt/topspin3.2/prog/mod/dataserver
##$LEVELS= (0..255)
-35123770000 -19513210000 -10840670000 -6022594544.4 -3345885858 -1858825476.7
-1032680820.4 -573711566.9 -318728648.3 -177071471.3 -98373039.6 -54651688.7
-30362049.3 -16867805.1 -9371002.9 -5206112.7 -2892284.8 -1606824.9 -892680.5
-495933.6 -275518.7 -153065.9 -85036.6 -47242.6 -26245.9 -14581 -8100.6
-4500.3 -2500.2 -1389 -771.7 -428.7 428.7 771.7 1389 2500.2 4500.3 8100.6
14581 26245.9 47242.6 85036.6 153065.9 275518.7 495933.6 892680.5 1606824.9
2892284.8 5206112.7 9371002.9 16867805.1 30362049.3 54651688.7 98373039.6
177071471.3 318728648.3 573711566.9 1032680820.4 1858825476.7 3345885858
6022594544.4 10840670000 19513210000 35123770000 0 0 0 0 0 0 0 0 0 0 0
0 0 0 0 0 0 0 0 0 0 0 0 0 0 0 0 0 0 0 0 0 0 0 0 0 0 0 0 0 0 0 0 0 0 0 0
0 0 0 0 0 0 0 0 0 0 0 0 0 0 0 0 0 0 0 0 0 0 0 0 0 0 0 0 0 0 0 0 0 0 0 0
0 0 0 0 0 0 0 0 0 0 0 0 0 0 0 0 0 0 0 0 0 0 0 0 0 0 0 0 0 0 0 0 0 0 0 0
0 0 0 0 0 0 0 0 0 0 0 0 0 0 0 0 0 0 0 0 0 0 0 0 0 0 0 0 0 0 0 0 0 0 0 0
0 0 0 0 0 0 0 0 0 0 0 0 0 0 0 0 0 0 0 0 0 0 0 0 0 0 0 0 0 0 0 0 0 0 0 0
0
##$LEVSIGN= 3
##$MAXLEV= 32
##$METHOD= 0
##$NEGBASE= -428.7
##$NEGINCR= 1.8
##$POSBASE= 428.7
##$POSINCR= 1.8
##END=
