91
1 0 0
0 0 1
1 2.22885e+07 0
2 0 0
0 0 1
1 1.07602e+07 0
3 0 0
0 0 1
1 4.7574e+06 0
4 0 0
0 0 1
1 2.52559e+06 0
5 0 0
0 0 1
1 1.52136e+06 0
6 0 0
0 0 1
1 1.01056e+06 0
7 0 0
0 0 1
1 708737 0
8 0 0
0 0 1
1 498442 0
9 0 0
0 0 1
1 352866 0
10 0 0
0 0 1
1 252429 0
11 0 0
0 0 1
1 187811 0
12 0 0
0 0 1
1 152959 0
13 0 0
0 0 1
1 119445 0
14 0 0
0 0 1
1 87897 0
15 0 0
0 0 1
1 61744 0
16 0 0
0 0 1
1 42779 0
17 0 0
0 0 1
1 27157 0
18 0 0
0 0 1
1 18603 0
19 0 0
0 0 1
1 13220 0
20 0 0
0 0 1
1 8352 0
21 0 0
0 0 1
1 2648 0
22 0 0
0 0 1
1 3181 0
23 0 0
0 0 1
1 -3042 0
24 0 0
0 0 1
1 -8667 0
25 0 0
0 0 1
1 -10632 0
26 0 0
0 0 1
1 -9603 0
27 0 0
0 0 1
1 -8120 0
28 0 0
0 0 1
1 -10818 0
29 0 0
0 0 1
1 -17900 0
30 0 0
0 0 1
1 -18322 0
-1 0 0
