##TITLE= Parameter file, TOPSPIN		Version 3.2
##JCAMPDX= 5.0
##DATATYPE= Parameter Values
##NPOINTS= 1	$$ modification sequence number
##ORIGIN= Bruker BioSpin GmbH
##OWNER= jeannerat
$$ 2018-02-27 17:31:31.872 +0100  jeannerat@djpro.local
$$ /Volumes/lacie_case/nmr_data/nmrge500_3/data/jeannerat/data/nmr/nmr/dj-caryophyllene_oxide/14/pdata/2/clevels
$$ process /opt/topspin3.2/prog/mod/edparproc
##$LEVELS= (0..255)
-26203279.7377267 -21782176.6238934 -18107016.4212237 -15051941.3450046
-12512328.4733144 -10401207.4746459 -8646281.59651515 -7187452.68761394
-5974762.15704247 -4966680.704205 -4128686.02710029 -3432080.65531281 -2853008.71357002
-2371639.74511529 -1971488.86578437 -1638852.79442321 -1362340.16364582
-1132481.74531027 -941405.654271468 -782568.587573154 -650531.111871467
-540771.290895887 -449530.564207132 -373684.361463052 -310635.073778282
-258223.671851457 -214655.309168098 -178437.958913483 -148331.325634985
-123304.414332212 -102500.044516697 -85205.9286948571 85205.9286948571
102500.044516697 123304.414332212 148331.325634985 178437.958913483 214655.309168098
258223.671851457 310635.073778282 373684.361463052 449530.564207132 540771.290895887
650531.111871467 782568.587573154 941405.654271468 1132481.74531027 1362340.16364582
1638852.79442321 1971488.86578437 2371639.74511529 2853008.71357002 3432080.65531281
4128686.02710029 4966680.704205 5974762.15704247 7187452.68761394 8646281.59651515
10401207.4746459 12512328.4733144 15051941.3450046 18107016.4212237 21782176.6238934
26203279.7377267 0 0 0 0 0 0 0 0 0 0 0 0 0 0 0 0 0 0 0 0 0 0 0 0 0 0 0
0 0 0 0 0 0 0 0 0 0 0 0 0 0 0 0 0 0 0 0 0 0 0 0 0 0 0 0 0 0 0 0 0 0 0 0
0 0 0 0 0 0 0 0 0 0 0 0 0 0 0 0 0 0 0 0 0 0 0 0 0 0 0 0 0 0 0 0 0 0 0 0
0 0 0 0 0 0 0 0 0 0 0 0 0 0 0 0 0 0 0 0 0 0 0 0 0 0 0 0 0 0 0 0 0 0 0 0
0 0 0 0 0 0 0 0 0 0 0 0 0 0 0 0 0 0 0 0 0 0 0 0 0 0 0 0 0 0 0 0 0 0 0 0
0 0 0 0 0 0 0 0 0 0 0 0 0 0 0 0 0 0 0 0 0
##$LEVSIGN= 3
##$MAXLEV= 32
##$METHOD= 0
##$NEGBASE= -8956.17
##$NEGINCR= 1.8
##$POSBASE= 8956.17
##$POSINCR= 1.8
##END=
