91
1 0 0
0 0 1
1 1.92748e+07 0
2 0 0
0 0 1
1 1.16769e+07 0
3 0 0
0 0 1
1 6.36015e+06 0
4 0 0
0 0 1
1 3.6777e+06 0
5 0 0
0 0 1
1 2.34057e+06 0
6 0 0
0 0 1
1 1.53952e+06 0
7 0 0
0 0 1
1 1.04302e+06 0
8 0 0
0 0 1
1 759032 0
9 0 0
0 0 1
1 593461 0
10 0 0
0 0 1
1 491427 0
11 0 0
0 0 1
1 407435 0
12 0 0
0 0 1
1 336090 0
13 0 0
0 0 1
1 286636 0
14 0 0
0 0 1
1 252799 0
15 0 0
0 0 1
1 228851 0
16 0 0
0 0 1
1 208447 0
17 0 0
0 0 1
1 189078 0
18 0 0
0 0 1
1 167852 0
19 0 0
0 0 1
1 148311 0
20 0 0
0 0 1
1 133528 0
21 0 0
0 0 1
1 122156 0
22 0 0
0 0 1
1 110457 0
23 0 0
0 0 1
1 104682 0
24 0 0
0 0 1
1 99173 0
25 0 0
0 0 1
1 94150 0
26 0 0
0 0 1
1 86556 0
27 0 0
0 0 1
1 82826 0
28 0 0
0 0 1
1 80635 0
29 0 0
0 0 1
1 79552 0
30 0 0
0 0 1
1 73980 0
-1 0 0
