##TITLE= Parameter file, TopSpin 3.5 pl 7
##JCAMPDX= 5.0
##DATATYPE= Parameter Values
##NPOINTS= 3	$$ modification sequence number
##ORIGIN= Bruker BioSpin GmbH
##OWNER= nmr
$$ 2017-11-08 10:59:12.598 +0100  nmr@CZC60678L0
$$ /opt/topspin3.5pl5/data/cougnon/data/nmr/nmr/KC-SL-PURE/32/pdata/1/clevels
$$ process /opt/topspin3.5pl7/prog/mod/proc2d
##$LEVELS= (0..255)
8763.12 -8763.12 11229.51 -11229.51 14390.06 -14390.06 18440.16 -18440.16
23630.16 -23630.16 30280.89 -30280.89 38803.47 -38803.47 49724.74 -49724.74
63719.81 -63719.81 81653.8 -81653.8 104635.33 -104635.33 134085.03 -134085.03
171823.37 -171823.37 220183.2 -220183.2 282153.93 -282153.93 361566.39
-361566.39 463329.54 -463329.54 593734.01 -593734.01 760840.92 -760840.92
974980.21 -974980.21 1249389.17 -1249389.17 1601030.75 -1601030.75 2051642.14
-2051642.14 2629078.46 -2629078.46 3369034.7 -3369034.7 4317252.21 -4317252.21
5532346.3 -5532346.3 7089429.59 -7089429.59 9084755.22 -9084755.22 11641666.85
-11641666.85 14918223.3 -14918223.3 19116969.18 -19116969.18 0 0 0 0 0
0 0 0 0 0 0 0 0 0 0 0 0 0 0 0 0 0 0 0 0 0 0 0 0 0 0 0 0 0 0 0 0 0 0 0 0
0 0 0 0 0 0 0 0 0 0 0 0 0 0 0 0 0 0 0 0 0 0 0 0 0 0 0 0 0 0 0 0 0 0 0 0
0 0 0 0 0 0 0 0 0 0 0 0 0 0 0 0 0 0 0 0 0 0 0 0 0 0 0 0 0 0 0 0 0 0 0 0
0 0 0 0 0 0 0 0 0 0 0 0 0 0 0 0 0 0 0 0 0 0 0 0 0 0 0 0 0 0 0 0 0 0 0 0
0 0 0 0 0 0 0 0 0 0 0 0 0 0 0 0 0 0 0 0 0 0 0 0 0 0 0 0 0 0 0 0 0 0 0 0
0 0 0 0 0 0 0
##$LEVSIGN= 3
##$MAXLEV= 32
##$METHOD= 0
##$NEGBASE= -8763.12
##$NEGINCR= 1.8
##$POSBASE= 8763.12
##$POSINCR= 1.8
##END=
