# 2017-11-09 10:08:41 +0100  nmr@CZC60678L0
# DU=/opt/topspin3.5pl5/data/cougnon/data/nmr/nmr, NAME=KC-SL-PURE, EXPNO=32, PROCNO=1
# No information provided by the integration algorithm
#
# size(F2) = 1024
# size(F1) = 1024
# value = index(F1) * size(F2) + index(F2)
#
39975 39976 39977 39978 39979 39980 39981 39982 40999 41000 41001 41002 41003 41004 41005 41006 42023 42024 42025 42026 42027 42028 42029 42030 43047 43048 43049 43050 43051 43052 43053 43054 44071 44072 44073 44074 44075 44076 44077 44078 45095 45096 45097 45098 45099 45100 45101 45102 46119 46120 46121 46122 46123 46124 46125 46126 47143 47144 47145 47146 47147 47148 47149 47150 
278801 278802 278803 278804 278805 278806 278807 278808 278809 279825 279826 279827 279828 279829 279830 279831 279832 279833 280849 280850 280851 280852 280853 280854 280855 280856 280857 281873 281874 281875 281876 281877 281878 281879 281880 281881 282897 282898 282899 282900 282901 282902 282903 282904 282905 283921 283922 283923 283924 283925 283926 283927 283928 283929 284945 284946 284947 284948 284949 284950 284951 284952 284953 285969 285970 285971 285972 285973 285974 285975 285976 285977 286993 286994 286995 286996 286997 286998 286999 287000 287001 288017 288018 288019 288020 288021 288022 288023 288024 288025 289041 289042 289043 289044 289045 289046 289047 289048 289049 
276517 276518 276519 276520 276521 276522 276523 276524 276525 276526 276527 277541 277542 277543 277544 277545 277546 277547 277548 277549 277550 277551 278565 278566 278567 278568 278569 278570 278571 278572 278573 278574 278575 279589 279590 279591 279592 279593 279594 279595 279596 279597 279598 279599 280613 280614 280615 280616 280617 280618 280619 280620 280621 280622 280623 281637 281638 281639 281640 281641 281642 281643 281644 281645 281646 281647 282661 282662 282663 282664 282665 282666 282667 282668 282669 282670 282671 283685 283686 283687 283688 283689 283690 283691 283692 283693 283694 283695 284709 284710 284711 284712 284713 284714 284715 284716 284717 284718 284719 285733 285734 285735 285736 285737 285738 285739 285740 285741 285742 285743 286757 286758 286759 286760 286761 286762 286763 286764 286765 286766 286767 287781 287782 287783 287784 287785 287786 287787 287788 287789 287790 287791 288805 288806 288807 288808 288809 288810 288811 288812 288813 288814 288815 289829 289830 289831 289832 289833 289834 289835 289836 289837 289838 289839 
37136 37137 37138 37139 37140 37141 37142 37143 37144 37145 38160 38161 38162 38163 38164 38165 38166 38167 38168 38169 39184 39185 39186 39187 39188 39189 39190 39191 39192 39193 40208 40209 40210 40211 40212 40213 40214 40215 40216 40217 41232 41233 41234 41235 41236 41237 41238 41239 41240 41241 42256 42257 42258 42259 42260 42261 42262 42263 42264 42265 43280 43281 43282 43283 43284 43285 43286 43287 43288 43289 44304 44305 44306 44307 44308 44309 44310 44311 44312 44313 45328 45329 45330 45331 45332 45333 45334 45335 45336 45337 46352 46353 46354 46355 46356 46357 46358 46359 46360 46361 47376 47377 47378 47379 47380 47381 47382 47383 47384 47385 48400 48401 48402 48403 48404 48405 48406 48407 48408 48409 49424 49425 49426 49427 49428 49429 49430 49431 49432 49433 50448 50449 50450 50451 50452 50453 50454 50455 50456 50457 
