##TITLE= Parameter file, TopSpin 3.5 pl 7
##JCAMPDX= 5.0
##DATATYPE= Parameter Values
##NPOINTS= 2	$$ modification sequence number
##ORIGIN= Bruker BioSpin GmbH
##OWNER= nmr
$$ 2017-11-10 12:33:01.266 +0100  nmr@CZC60678L0
$$ /opt/topspin3.5pl5/data/cougnon/data/nmr/nmr/KC-SL-PURE/44/pdata/1/clevels
$$ process /opt/topspin3.5pl7/prog/mod/proc2d
##$LEVELS= (0..255)
9040.93 -9040.93 11543.03 -11543.03 14737.58 -14737.58 18816.24 -18816.24
24023.66 -24023.66 30672.26 -30672.26 39160.86 -39160.86 49998.7 -49998.7
63835.93 -63835.93 81502.64 -81502.64 104058.64 -104058.64 132857.05 -132857.05
169625.48 -169625.48 216569.63 -216569.63 276505.66 -276505.66 353029.1
-353029.1 450730.52 -450730.52 575471 -575471 734733.62 -734733.62 938072.45
-938072.45 1197685.66 -1197685.66 1529147.29 -1529147.29 1952341.52 -1952341.52
2492655.5 -2492655.5 3182502.32 -3182502.32 4063265.48 -4063265.48 5187781.4
-5187781.4 6623509.1 -6623509.1 8456576.98 -8456576.98 10796949.65 -10796949.65
13785024.6 -13785024.6 17600054.59 -17600054.59 0 0 0 0 0 0 0 0 0 0 0 0
0 0 0 0 0 0 0 0 0 0 0 0 0 0 0 0 0 0 0 0 0 0 0 0 0 0 0 0 0 0 0 0 0 0 0 0
0 0 0 0 0 0 0 0 0 0 0 0 0 0 0 0 0 0 0 0 0 0 0 0 0 0 0 0 0 0 0 0 0 0 0 0
0 0 0 0 0 0 0 0 0 0 0 0 0 0 0 0 0 0 0 0 0 0 0 0 0 0 0 0 0 0 0 0 0 0 0 0
0 0 0 0 0 0 0 0 0 0 0 0 0 0 0 0 0 0 0 0 0 0 0 0 0 0 0 0 0 0 0 0 0 0 0 0
0 0 0 0 0 0 0 0 0 0 0 0 0 0 0 0 0 0 0 0 0 0 0 0 0 0 0 0 0 0 0 0 0 0 0 0
##$LEVSIGN= 3
##$MAXLEV= 32
##$METHOD= 0
##$NEGBASE= -9040.93
##$NEGINCR= 1.8
##$POSBASE= 9040.93
##$POSINCR= 1.8
##END=
