
 Current data set:
 Name =     KC-SL-PURE   ExpNo =    44   ProcNo =     1
 Disk  = /opt/topspin3.5pl5/data/cougnon/data/nmr/nmr
 Baseline = 0    Noise = 0

   #  SI_F1  row1  row2  row1(ppm)  row2(ppm)  abs. Int.    Integral    Mode
      SI_F2  col1  col2  col1(ppm)  col2(ppm)

  1   1024    38    44   10.98728   10.93833  4.4759e+06     4.2686   a
      1024    38    44   10.98541   10.93888
  2   1024   272   279    9.26960    9.21688   5.076e+06     4.8409   a
      1024   273   279    9.26440    9.21766
  3   1024   270   282    9.28673    9.20100  2.0623e+05    0.19668   a
      1024    37    45   10.98957   10.93058
  4   1024    37    45   10.99344   10.93044  1.9785e+05    0.18868   a
      1024   271   280    9.27443    9.21440
  5   1024   486   494    7.70480    7.64254  6.4468e+06     6.1481   a
      1024   486   494    7.70416    7.64523
  6   1024   600   608    6.87156    6.81218  6.1555e+06     5.8704   a
      1024   600   607    6.87040    6.81643
  7   1024   599   608    6.87389    6.81107  2.2422e+05    0.21384   a
      1024   486   493    7.70703    7.65202
  8   1024   483   495    7.72226    7.64132  2.2413e+05    0.21375   a
      1024   599   608    6.87422    6.81347
