0 0
a 1024 38 44 10.987283 10.938334
  1024 38 44 10.985411 10.938879
a 1024 272 279 9.269602 9.216884
  1024 273 279 9.264402 9.217661
a 1024 270 282 9.286732 9.200996
  1024 37 45 10.989571 10.930585
a 1024 37 45 10.993440 10.930444
  1024 271 280 9.274431 9.214401
a 1024 486 494 7.704803 7.642537
  1024 486 494 7.704164 7.645229
a 1024 600 608 6.871563 6.812181
  1024 600 607 6.870396 6.816426
a 1024 599 608 6.873885 6.811072
  1024 486 493 7.707031 7.652023
a 1024 483 495 7.722260 7.641323
  1024 599 608 6.874217 6.813473
