# 2017-11-10 15:44:07 +0100  nmr@CZC60678L0
# DU=/opt/topspin3.5pl5/data/cougnon/data/nmr/nmr, NAME=KC-SL-PURE, EXPNO=44, PROCNO=1
# No information provided by the integration algorithm
#
# size(F2) = 1024
# size(F1) = 1024
# value = index(F1) * size(F2) + index(F2)
#
37925 37926 37927 37928 37929 37930 37931 38949 38950 38951 38952 38953 38954 38955 39973 39974 39975 39976 39977 39978 39979 40997 40998 40999 41000 41001 41002 41003 42021 42022 42023 42024 42025 42026 42027 43045 43046 43047 43048 43049 43050 43051 44069 44070 44071 44072 44073 44074 44075 
277776 277777 277778 277779 277780 277781 277782 278800 278801 278802 278803 278804 278805 278806 279824 279825 279826 279827 279828 279829 279830 280848 280849 280850 280851 280852 280853 280854 281872 281873 281874 281875 281876 281877 281878 282896 282897 282898 282899 282900 282901 282902 283920 283921 283922 283923 283924 283925 283926 284944 284945 284946 284947 284948 284949 284950 
275492 275493 275494 275495 275496 275497 275498 275499 275500 276516 276517 276518 276519 276520 276521 276522 276523 276524 277540 277541 277542 277543 277544 277545 277546 277547 277548 278564 278565 278566 278567 278568 278569 278570 278571 278572 279588 279589 279590 279591 279592 279593 279594 279595 279596 280612 280613 280614 280615 280616 280617 280618 280619 280620 281636 281637 281638 281639 281640 281641 281642 281643 281644 282660 282661 282662 282663 282664 282665 282666 282667 282668 283684 283685 283686 283687 283688 283689 283690 283691 283692 284708 284709 284710 284711 284712 284713 284714 284715 284716 285732 285733 285734 285735 285736 285737 285738 285739 285740 286756 286757 286758 286759 286760 286761 286762 286763 286764 287780 287781 287782 287783 287784 287785 287786 287787 287788 
37134 37135 37136 37137 37138 37139 37140 37141 37142 37143 38158 38159 38160 38161 38162 38163 38164 38165 38166 38167 39182 39183 39184 39185 39186 39187 39188 39189 39190 39191 40206 40207 40208 40209 40210 40211 40212 40213 40214 40215 41230 41231 41232 41233 41234 41235 41236 41237 41238 41239 42254 42255 42256 42257 42258 42259 42260 42261 42262 42263 43278 43279 43280 43281 43282 43283 43284 43285 43286 43287 44302 44303 44304 44305 44306 44307 44308 44309 44310 44311 45326 45327 45328 45329 45330 45331 45332 45333 45334 45335 
497125 497126 497127 497128 497129 497130 497131 497132 497133 498149 498150 498151 498152 498153 498154 498155 498156 498157 499173 499174 499175 499176 499177 499178 499179 499180 499181 500197 500198 500199 500200 500201 500202 500203 500204 500205 501221 501222 501223 501224 501225 501226 501227 501228 501229 502245 502246 502247 502248 502249 502250 502251 502252 502253 503269 503270 503271 503272 503273 503274 503275 503276 503277 504293 504294 504295 504296 504297 504298 504299 504300 504301 505317 505318 505319 505320 505321 505322 505323 505324 505325 
613975 613976 613977 613978 613979 613980 613981 613982 614999 615000 615001 615002 615003 615004 615005 615006 616023 616024 616025 616026 616027 616028 616029 616030 617047 617048 617049 617050 617051 617052 617053 617054 618071 618072 618073 618074 618075 618076 618077 618078 619095 619096 619097 619098 619099 619100 619101 619102 620119 620120 620121 620122 620123 620124 620125 620126 621143 621144 621145 621146 621147 621148 621149 621150 622167 622168 622169 622170 622171 622172 622173 622174 
612837 612838 612839 612840 612841 612842 612843 612844 613861 613862 613863 613864 613865 613866 613867 613868 614885 614886 614887 614888 614889 614890 614891 614892 615909 615910 615911 615912 615913 615914 615915 615916 616933 616934 616935 616936 616937 616938 616939 616940 617957 617958 617959 617960 617961 617962 617963 617964 618981 618982 618983 618984 618985 618986 618987 618988 620005 620006 620007 620008 620009 620010 620011 620012 621029 621030 621031 621032 621033 621034 621035 621036 622053 622054 622055 622056 622057 622058 622059 622060 
494166 494167 494168 494169 494170 494171 494172 494173 494174 494175 495190 495191 495192 495193 495194 495195 495196 495197 495198 495199 496214 496215 496216 496217 496218 496219 496220 496221 496222 496223 497238 497239 497240 497241 497242 497243 497244 497245 497246 497247 498262 498263 498264 498265 498266 498267 498268 498269 498270 498271 499286 499287 499288 499289 499290 499291 499292 499293 499294 499295 500310 500311 500312 500313 500314 500315 500316 500317 500318 500319 501334 501335 501336 501337 501338 501339 501340 501341 501342 501343 502358 502359 502360 502361 502362 502363 502364 502365 502366 502367 503382 503383 503384 503385 503386 503387 503388 503389 503390 503391 504406 504407 504408 504409 504410 504411 504412 504413 504414 504415 505430 505431 505432 505433 505434 505435 505436 505437 505438 505439 506454 506455 506456 506457 506458 506459 506460 506461 506462 506463 
