##TITLE= Parameter file, TopSpin 3.5 pl 7
##JCAMPDX= 5.0
##DATATYPE= Parameter Values
##NPOINTS= 3	$$ modification sequence number
##ORIGIN= Bruker BioSpin GmbH
##OWNER= nmr
$$ 2017-11-09 12:35:29.127 +0100  nmr@CZC60678L0
$$ /opt/topspin3.5pl5/data/cougnon/data/nmr/nmr/KC-SL-PURE/39/pdata/1/clevels
$$ process /opt/topspin3.5pl7/prog/mod/proc2d
##$LEVELS= (0..255)
8968.75 -8968.75 11465.51 -11465.51 14657.33 -14657.33 18737.71 -18737.71
23954 -23954 30622.43 -30622.43 39147.24 -39147.24 50045.24 -50045.24 63977.06
-63977.06 81787.3 -81787.3 104555.63 -104555.63 133662.31 -133662.31 170871.85
-170871.85 218439.96 -218439.96 279250.29 -279250.29 356989.29 -356989.29
456369.64 -456369.64 583415.95 -583415.95 745830.01 -745830.01 953457.64
-953457.64 1218885.63 -1218885.63 1558204.7 -1558204.7 1991984.99 -1991984.99
2546523.06 -2546523.06 3255436.03 -3255436.03 4161699.49 -4161699.49 5320252.81
-5320252.81 6801329.6 -6801329.6 8694715.45 -8694715.45 11115190.89 -11115190.89
14209489.58 -14209489.58 18165193.56 -18165193.56 0 0 0 0 0 0 0 0 0 0 0
0 0 0 0 0 0 0 0 0 0 0 0 0 0 0 0 0 0 0 0 0 0 0 0 0 0 0 0 0 0 0 0 0 0 0 0
0 0 0 0 0 0 0 0 0 0 0 0 0 0 0 0 0 0 0 0 0 0 0 0 0 0 0 0 0 0 0 0 0 0 0 0
0 0 0 0 0 0 0 0 0 0 0 0 0 0 0 0 0 0 0 0 0 0 0 0 0 0 0 0 0 0 0 0 0 0 0 0
0 0 0 0 0 0 0 0 0 0 0 0 0 0 0 0 0 0 0 0 0 0 0 0 0 0 0 0 0 0 0 0 0 0 0 0
0 0 0 0 0 0 0 0 0 0 0 0 0 0 0 0 0 0 0 0 0 0 0 0 0 0 0 0 0 0 0 0 0 0 0 0
0
##$LEVSIGN= 3
##$MAXLEV= 32
##$METHOD= 0
##$NEGBASE= -8968.75
##$NEGINCR= 1.8
##$POSBASE= 8968.75
##$POSINCR= 1.8
##END=
