# 2017-11-10 09:09:57 +0100  nmr@CZC60678L0
# DU=/opt/topspin3.5pl5/data/cougnon/data/nmr/nmr, NAME=KC-SL-PURE, EXPNO=39, PROCNO=1
# No information provided by the integration algorithm
#
# size(F2) = 1024
# size(F1) = 1024
# value = index(F1) * size(F2) + index(F2)
#
33824 33825 33826 33827 33828 33829 33830 33831 33832 33833 33834 33835 34848 34849 34850 34851 34852 34853 34854 34855 34856 34857 34858 34859 35872 35873 35874 35875 35876 35877 35878 35879 35880 35881 35882 35883 36896 36897 36898 36899 36900 36901 36902 36903 36904 36905 36906 36907 37920 37921 37922 37923 37924 37925 37926 37927 37928 37929 37930 37931 38944 38945 38946 38947 38948 38949 38950 38951 38952 38953 38954 38955 39968 39969 39970 39971 39972 39973 39974 39975 39976 39977 39978 39979 40992 40993 40994 40995 40996 40997 40998 40999 41000 41001 41002 41003 42016 42017 42018 42019 42020 42021 42022 42023 42024 42025 42026 42027 43040 43041 43042 43043 43044 43045 43046 43047 43048 43049 43050 43051 44064 44065 44066 44067 44068 44069 44070 44071 44072 44073 44074 44075 45088 45089 45090 45091 45092 45093 45094 45095 45096 45097 45098 45099 
275725 275726 275727 275728 275729 275730 275731 275732 275733 275734 276749 276750 276751 276752 276753 276754 276755 276756 276757 276758 277773 277774 277775 277776 277777 277778 277779 277780 277781 277782 278797 278798 278799 278800 278801 278802 278803 278804 278805 278806 279821 279822 279823 279824 279825 279826 279827 279828 279829 279830 280845 280846 280847 280848 280849 280850 280851 280852 280853 280854 281869 281870 281871 281872 281873 281874 281875 281876 281877 281878 282893 282894 282895 282896 282897 282898 282899 282900 282901 282902 283917 283918 283919 283920 283921 283922 283923 283924 283925 283926 284941 284942 284943 284944 284945 284946 284947 284948 284949 284950 285965 285966 285967 285968 285969 285970 285971 285972 285973 285974 
269345 269346 269347 269348 269349 269350 269351 269352 269353 269354 270369 270370 270371 270372 270373 270374 270375 270376 270377 270378 271393 271394 271395 271396 271397 271398 271399 271400 271401 271402 272417 272418 272419 272420 272421 272422 272423 272424 272425 272426 273441 273442 273443 273444 273445 273446 273447 273448 273449 273450 274465 274466 274467 274468 274469 274470 274471 274472 274473 274474 275489 275490 275491 275492 275493 275494 275495 275496 275497 275498 276513 276514 276515 276516 276517 276518 276519 276520 276521 276522 277537 277538 277539 277540 277541 277542 277543 277544 277545 277546 278561 278562 278563 278564 278565 278566 278567 278568 278569 278570 279585 279586 279587 279588 279589 279590 279591 279592 279593 279594 280609 280610 280611 280612 280613 280614 280615 280616 280617 280618 281633 281634 281635 281636 281637 281638 281639 281640 281641 281642 282657 282658 282659 282660 282661 282662 282663 282664 282665 282666 283681 283682 283683 283684 283685 283686 283687 283688 283689 283690 284705 284706 284707 284708 284709 284710 284711 284712 284713 284714 285729 285730 285731 285732 285733 285734 285735 285736 285737 285738 286753 286754 286755 286756 286757 286758 286759 286760 286761 286762 287777 287778 287779 287780 287781 287782 287783 287784 287785 287786 288801 288802 288803 288804 288805 288806 288807 288808 288809 288810 
29962 29963 29964 29965 29966 29967 29968 29969 29970 29971 29972 29973 29974 29975 30986 30987 30988 30989 30990 30991 30992 30993 30994 30995 30996 30997 30998 30999 32010 32011 32012 32013 32014 32015 32016 32017 32018 32019 32020 32021 32022 32023 33034 33035 33036 33037 33038 33039 33040 33041 33042 33043 33044 33045 33046 33047 34058 34059 34060 34061 34062 34063 34064 34065 34066 34067 34068 34069 34070 34071 35082 35083 35084 35085 35086 35087 35088 35089 35090 35091 35092 35093 35094 35095 36106 36107 36108 36109 36110 36111 36112 36113 36114 36115 36116 36117 36118 36119 37130 37131 37132 37133 37134 37135 37136 37137 37138 37139 37140 37141 37142 37143 38154 38155 38156 38157 38158 38159 38160 38161 38162 38163 38164 38165 38166 38167 39178 39179 39180 39181 39182 39183 39184 39185 39186 39187 39188 39189 39190 39191 40202 40203 40204 40205 40206 40207 40208 40209 40210 40211 40212 40213 40214 40215 41226 41227 41228 41229 41230 41231 41232 41233 41234 41235 41236 41237 41238 41239 42250 42251 42252 42253 42254 42255 42256 42257 42258 42259 42260 42261 42262 42263 43274 43275 43276 43277 43278 43279 43280 43281 43282 43283 43284 43285 43286 43287 44298 44299 44300 44301 44302 44303 44304 44305 44306 44307 44308 44309 44310 44311 45322 45323 45324 45325 45326 45327 45328 45329 45330 45331 45332 45333 45334 45335 46346 46347 46348 46349 46350 46351 46352 46353 46354 46355 46356 46357 46358 46359 47370 47371 47372 47373 47374 47375 47376 47377 47378 47379 47380 47381 47382 47383 48394 48395 48396 48397 48398 48399 48400 48401 48402 48403 48404 48405 48406 48407 49418 49419 49420 49421 49422 49423 49424 49425 49426 49427 49428 49429 49430 49431 50442 50443 50444 50445 50446 50447 50448 50449 50450 50451 50452 50453 50454 50455 51466 51467 51468 51469 51470 51471 51472 51473 51474 51475 51476 51477 51478 51479 
